     1        0   129600   0.000
     2    29358   129600   0.020
     3    58715   131176   0.040
     4    88072   133352   0.060
     5   117429   135728   0.080
     6   146786   138306   0.100
     7   176143   138306   0.120
     8   205500   140891   0.140
     9   234857   143594   0.160
    10   264214   146335   0.180
    11   293571   149197   0.200
    12   322928   149197   0.220
    13   352285   152116   0.240
    14   381642   155011   0.260
    15   410999   157985   0.280
    16   440356   160990   0.300
    17   469713   160990   0.320
    18   499070   164104   0.340
    19   528427   167197   0.360
    20   557784   170397   0.380
    21   587141   173527   0.400
    22   616498   173527   0.420
    23   645855   176628   0.440
    24   675212   179750   0.460
    25   704569   183059   0.480
    26   733926   186277   0.500
    27   763283   186277   0.520
    28   792640   189516   0.540
    29   821997   192733   0.560
    30   851354   196031   0.580
    31   880711   199345   0.600
    32   910068   199345   0.620
    33   939425   202682   0.640
    34   968782   205986   0.660
    35   998139   209278   0.680
    36  1027496   212530   0.700
    37  1056853   212530   0.720
    38  1086210   215881   0.740
    39  1115567   219372   0.760
    40  1144924   222752   0.780
    41  1174281   226164   0.800
    42  1203638   226164   0.820
    43  1232995   229589   0.840
    44  1262352   233073   0.860
    45  1291709   236528   0.880
    46  1321066   240037   0.900
    47  1350423   240037   0.920
    48  1379780   243395   0.940
    49  1409137   246768   0.960
    50  1438494   250159   0.980
    51  1467851   253562   1.000
    52  1497208   253562   1.020
    53  1526565   256978   1.040
    54  1555922   260311   1.060
    55  1585279   263658   1.080
    56  1614636   267165   1.100
    57  1643993   267165   1.120
    58  1673350   270657   1.140
    59  1702707   274040   1.160
    60  1732064   277392   1.180
    61  1761421   280791   1.200
    62  1790778   280791   1.220
    63  1820135   284242   1.240
    64  1849492   287727   1.260
